-16777216 -1 -1 -1 -1 -1 -1 -1 -1 -1 -16777216 -9211079 -1 -1 -1 -1 -1 -1 
-1 -1 -16777216 -1 -1 -1 -1 -1 -1 -1 -8096967 -6515638 -16777216 -1 -1 -1 -1 -1 
-1 -1 -1 -1 -16777216 -1 -1 -1 -1 -8094902 -4868782 -4868782 -8094902 -1 -16777216 -1 -1 -1 
-1 -1 -1 -1 -1 -1 -16777216 -1 -9211079 -3750301 -3750301 -4344477 -8094902 -1 -1 -1 -16777216 -1 
-1 -1 -1 -1 -1 -1 -1 -10857935 -16777216 -1052813 -1052813 -2699661 -8094902 -1 -1 -1 -1 -1 
-16777216 -1 -1 -1 -1 -1 -1 -6515638 -1052813 -2175340 -16777216 -1052813 -6515638 -1 -1 -1 -1 -1 
-1 -1 -16777216 -1 -1 -1 -10263751 -2699661 -124 -124 -124 -124 -16777216 -1 -1 -1 -1 -1 
-1 -1 -1 -1 -16777216 -10857935 -5923766 -124 -124 -124 -1052813 -124 -4344477 -5923766 -16777216 -1 -1 -1 
-1 -1 -1 -1 -1 -9211079 -16777216 -124 -1052813 -2148 -124 -124 -2699661 -9211079 -1 -1 -16777216 -1 
-1 -1 -1 -1 -10263759 -5923766 -124 -2148 -16777216 -1583460 -2148 -124 -2699661 -8094902 -1 -1 -1 -1 
-16777216 -1 -1 -1 -10263751 -4344477 -124 -124 -2148 -528467 -16777216 -1052813 -1052813 -8094902 -1 -1 -1 -1 
-1 -1 -1 -1 -8096967 -2699661 -124 -1052813 -2148 -1583460 -2148 -124 -2699661 -5923766 -1 -1 -1 -1 
-1 -1 -1 -1 -8094902 -2699661 -124 -124 -124 -2148 -124 -124 -124 -4872870 -1 -1 -1 -1 
-1 -1 -1 -1 -7044022 -2699661 -124 -2148 -1052813 -124 -1052813 -124 -2148 -4872870 -1 -1 -1 -1 
-1 -1 -1 -1 -8094902 -2699661 -124 -124 -124 -1052813 -2148 -124 -1052813 -4872870 -1 -1 -1 -1 
-1 -1 -1 -1 -8094902 -3750301 -1052813 -1052813 -2148 -124 -124 -124 -1052813 -6517670 -1 -1 -1 -1 
-1 -1 -1 -1 -8096967 -4344477 -1052813 -124 -124 -124 -1052813 -2148 -2699661 -8096967 -1 -1 -1 -1 
-1 -1 -1 -1 -1 -6515638 -2699661 -2148 -1052813 -2148 -124 -1052813 -4872870 -10263759 -1 -1 -1 -1 
-1 -1 -1 -1 -1 -10263751 -4872870 -1052813 -124 -1052813 -1052813 -4344477 -8094902 -1 -1 -1 -1 -1 
-1 -1 -11908575 -8094894 -10263751 -10857935 -8096967 -4344477 -1052813 -2699661 -4872870 -8096967 -11384287 -10263751 -8094894 -11908575 -1 -1 
-1 -13027048 -8094894 -528442 -1057099 -3754620 -5399437 -9211079 -4344477 -5925781 -8094902 -5399437 -3754620 -1057099 -528442 -8094894 -13027048 -1 
-1 -13553384 -8094894 -1057099 -528451 -526394 -2098 -11908551 -5925781 -5399437 -1581395 -2098 -526394 -528451 -1057099 -8094894 -13553384 -1 
-1 -13027039 -3754620 -1057099 -1057099 -528451 -528442 -3754620 -5399437 -2177371 -1054778 -526394 -528442 -1057099 -530507 -3754620 -13027039 -1 
-1 -10857935 -1581395 -1581395 -528467 -526394 -528442 -528451 -1581395 -1057099 -528451 -1057099 -530507 -528467 -1581395 -1581395 -11908551 -1 
-1 -10263751 -528451 -1057099 -1057107 -1057099 -1057099 -1581395 -1581395 -1581395 -1581395 -1581395 -1581395 -1581395 -1581395 -1581395 -10857935 -1 
-1 -10263751 -528451 -1057107 -1057099 -1057099 -1057099 -1057099 -1057099 -1057107 -1057099 -1057099 -1057107 -1583460 -1581395 -2175323 -10857935 -1 
-1 -9213102 -528442 -528451 -526394 -528442 -526394 -528451 -530507 -526394 -528442 -1057099 -1057099 -1581395 -1057099 -2175340 -10857935 -1 
-1 -9213102 -2098 -2098 -2098 -2098 -2098 -526394 -526394 -526394 -528442 -528451 -1057107 -2175340 -1581395 -2175323 -11908551 -1 
-1 -10263751 -2098 -2098 -2098 -2098 -2098 -2098 -526394 -2098 -528442 -528451 -2175323 -2175340 -2175323 -2175340 -12434911 -1 
-1 -11908551 -2098 -2098 -2098 -2098 -2098 -2098 -2098 -526394 -528442 -528451 -1581395 -2175340 -2703980 -3754620 -13553367 -1 
-1 -13553367 -528442 -2098 -2098 -2098 -2098 -2098 -2098 -528442 -530507 -1057099 -1581395 -2703980 -3754620 -4348549 -14079711 -1 
-1 -14079711 -2175323 -2098 -2098 -2098 -2098 -2098 -526394 -528442 -528451 -1057099 -1581395 -3754620 -3754620 -4348549 -14606064 -1 
-1 -14606056 -1581395 -2098 -2098 -2098 -2098 -526394 -528442 -528451 -1057099 -1581395 -2175323 -3754620 -3754620 -5925781 -14081776 -1 
-1 -1 -5399437 -2098 -2098 -2098 -2098 -528442 -528442 -528451 -1057099 -2175323 -2703980 -3754620 -4348549 -11908575 -1 -1 
-1 -1 -9211021 -2098 -2098 -2098 -526394 -528442 -528442 -1057099 -1057107 -2177371 -2703980 -3754620 -5399437 -15198192 -1 -1 
-1 -1 -9211021 -2098 -2098 -2098 -526394 -528442 -528442 -528451 -1581395 -2703980 -3754620 -3754620 -5399437 -15198192 -1 -1 
-1 -1 -8094894 -2098 -2098 -2098 -526394 -526394 -530507 -1057099 -1581395 -2177371 -2703980 -3754620 -5399437 -14606056 -1 -1 
-1 -1 -8094894 -2098 -2098 -2098 -528442 -528442 -528451 -528451 -2175323 -2177371 -3754620 -3754620 -5399437 -15198192 -1 -1 
-1 -1 -8094894 -2098 -2098 -2098 -528442 -528442 -528451 -1057099 -2175323 -2177371 -3754620 -3754620 -5399437 -15198192 -1 -1 
-1 -1 -8094894 -2098 -2098 -2098 -528442 -1054778 -528451 -1057099 -1581395 -2177371 -2703980 -3754620 -5925781 -15198192 -1 -1 
-1 -1 -9213102 -2098 -2098 -2098 -526394 -528442 -528451 -1057099 -2175323 -2177371 -3754620 -3754620 -5925781 -15198192 -1 -1 
-1 -1 -9213102 -2098 -2098 -2098 -528442 -528442 -528451 -1057099 -2175323 -2703980 -2703980 -3754620 -5925781 -15198192 -1 -1 
-1 -1 -9213102 -2098 -2098 -2098 -528442 -528442 -528451 -1057099 -2175323 -2177371 -3754620 -3754620 -5925781 -15198192 -1 -1 
-1 -1 -8094894 -2098 -2098 -2098 -526394 -528442 -530507 -1581395 -2177371 -2177371 -3754620 -4348549 -5925781 -15198192 -1 -1 
-1 -1 -8094894 -2098 -2098 -2098 -528442 -528442 -528451 -1057107 -2175323 -2177371 -3754620 -3754620 -5925781 -15198192 -1 -1 
-1 -1 -9213102 -2098 -2098 -2098 -528442 -528451 -530507 -1057099 -2175323 -2177371 -3754620 -4348549 -5925781 -15198192 -1 -1 
-1 -1 -8094894 -2098 -2098 -2098 -528442 -528451 -1057099 -1057099 -2175323 -2703980 -3754620 -4348549 -5925781 -14608368 -1 -1 
-1 -1 -8094894 -2098 -2098 -2098 -528442 -528451 -1057099 -1581395 -2175323 -3754620 -3754620 -4348549 -5925781 -15198192 -1 -1 
-1 -1 -9213102 -2098 -2098 -2098 -528442 -528451 -528451 -1057107 -2175323 -2703980 -3754620 -4348549 -5925781 -15198192 -1 -1 
-1 -1 -8094894 -2098 -2098 -2098 -528442 -528442 -1057099 -1581395 -2175323 -3754620 -3754620 -4348549 -5925781 -14608368 -1 -1 
-1 -1 -8094894 -2098 -2098 -2098 -528442 -526394 -1057099 -1581395 -2175323 -2703980 -3754620 -4348549 -5925781 -15198192 -1 -1 
-1 -1 -9213102 -2098 -2098 -2098 -528442 -528442 -530507 -1581395 -2175323 -3754620 -3754620 -4348549 -6517670 -14608368 -1 -1 
-1 -1 -8094894 -2098 -2098 -2098 -528442 -528451 -1057099 -2175323 -2177371 -2703980 -3754620 -5925781 -6517670 -14608368 -1 -1 
-1 -1 -8094894 -2098 -2098 -2098 -528442 -528451 -1057099 -1581395 -2177371 -3754620 -3754620 -5399437 -6517670 -15198192 -1 -1 
-1 -1 -9213102 -2098 -2098 -526394 -528442 -1057099 -1057099 -1581395 -2177371 -3754620 -4348549 -5925781 -6517670 -14608368 -1 -1 
-1 -1 -8094894 -2098 -2098 -526394 -526394 -528451 -1057099 -2175323 -2703980 -3754620 -5399437 -5925781 -6517670 -14608368 -1 -1 
-1 -1 -8094894 -2098 -2098 -526394 -528442 -528451 -1057099 -1581395 -3754620 -3754620 -4348549 -5925781 -6517670 -14608368 -1 -1 
-1 -1 -9213102 -2098 -2098 -2098 -528442 -528451 -1057099 -2175323 -2703980 -3754620 -4348549 -5925781 -7044022 -15198192 -1 -1 
-1 -1 -8094894 -2098 -2098 -526394 -528442 -1057099 -1581395 -2175323 -2703980 -3754620 -5399437 -5925781 -8094894 -14608368 -1 -1 
-1 -1 -8094894 -2098 -2098 -526394 -526394 -1057099 -1057099 -2175323 -3754620 -3754620 -5399437 -5925781 -6517670 -15198192 -1 -1 
-1 -1 -9213102 -2098 -2098 -526394 -528442 -528451 -1057099 -2175323 -2703980 -3754620 -5399437 -6517670 -7044022 -15198192 -1 -1 
-1 -1 -8094894 -2098 -2098 -526394 -526394 -1057099 -1057099 -2175323 -2703980 -4348549 -5925781 -6517670 -8094894 -14608368 -1 -1 
-1 -1 -8094894 -2098 -2098 -526394 -528442 -528451 -1057099 -2175323 -3754620 -3754620 -5925781 -6517670 -7044022 -14608368 -1 -1 
-1 -1 -9213102 -2098 -2098 -2098 -528442 -1057099 -1581395 -2175323 -2703980 -3754620 -5925781 -6517670 -7044022 -15198192 -1 -1 
-1 -1 -8094894 -2098 -2098 -526394 -528451 -1057099 -1057099 -2175323 -3754620 -4348549 -5925781 -6517670 -8094902 -14608368 -1 -1 
-1 -1 -8094894 -2098 -2098 -528442 -528451 -528451 -1581395 -2175323 -2703980 -4348549 -5925781 -6517670 -8094902 -15198192 -1 -1 
-1 -1 -9213102 -2098 -2098 -526394 -528442 -1057099 -1581395 -2177371 -3754620 -4348549 -5925781 -6517670 -8094902 -14608368 -1 -1 
-1 -1 -8094894 -2098 -2098 -528442 -528451 -1057099 -1057107 -2177371 -2703980 -4348549 -5925781 -6517670 -8094902 -15198192 -1 -1 
-1 -1 -8094894 -2098 -2098 -528442 -528451 -528451 -1581395 -2703980 -2703980 -4348549 -5925781 -6517670 -8094902 -14608368 -1 -1 
-1 -1 -9213102 -2098 -2098 -528442 -528451 -1057099 -1581395 -2177371 -3754620 -4348549 -5925781 -6517670 -8096967 -15198192 -1 -1 
-1 -1 -9213102 -2098 -2098 -528442 -528451 -1057099 -1581395 -2177371 -4348549 -4348549 -6517670 -6517670 -8094902 -14608368 -1 -1 
-1 -1 -9213102 -2098 -2098 -528442 -528451 -1057099 -1581395 -2177371 -3754620 -4348549 -6517670 -6517670 -8096967 -15198192 -1 -1 
-1 -1 -8094894 -2098 -2098 -528442 -528451 -528451 -2175323 -2177371 -4348549 -4348549 -6517670 -7044022 -8096967 -14608368 -1 -1 
-1 -1 -9213102 -2098 -2098 -526394 -530507 -1581395 -2175323 -2703980 -3754620 -5399437 -6517670 -8094894 -8094902 -15198192 -1 -1 
-1 -1 -9213102 -2098 -2098 -528442 -528442 -1057099 -2175323 -3754620 -3754620 -5399437 -6517670 -7044022 -8096967 -14608368 -1 -1 
-1 -1 -8094894 -2098 -2098 -528442 -528451 -1057099 -2175323 -2703980 -3754620 -5399437 -6517670 -8094894 -8094902 -14608368 -1 -1 
-1 -1 -8094894 -2098 -526394 -528442 -1057099 -1057099 -2175323 -2703980 -3754620 -5399437 -6517670 -7044022 -8096967 -15198192 -1 -1 
-1 -1 -8094894 -2098 -526394 -526394 -1057099 -1057099 -2175323 -3754620 -3754620 -5399437 -6517670 -8094894 -8094902 -14608368 -1 -1 
-1 -1 -9213102 -2098 -2098 -528442 -528451 -1057099 -2175323 -2703980 -3754620 -5925781 -6517670 -6517670 -8096967 -15198192 -1 -1 
-1 -1 -8094894 -2098 -2098 -528442 -1057099 -1581395 -2175323 -3754620 -3754620 -5925781 -6517670 -7044022 -8096967 -15198192 -1 -1 
-1 -1 -8094894 -2098 -2098 -526394 -1057099 -1057099 -2175323 -2703980 -3754620 -5925781 -6517670 -7044022 -9211079 -14608368 -1 -1 
-1 -1 -9213102 -2098 -528442 -528442 -528451 -1581395 -2175323 -2703980 -4348549 -5925781 -8094902 -6515638 -8094902 -15198192 -1 -1 
-1 -1 -8094894 -2098 -526394 -528451 -1057099 -1581395 -2175323 -3754620 -4348549 -5925781 -6517670 -8094902 -8096967 -15198192 -1 -1 
-1 -1 -8094894 -2098 -526394 -528451 -1057099 -1581395 -2175323 -2703980 -4348549 -5925781 -6517670 -8094902 -8096967 -15198192 -1 -1 
-1 -1 -9213102 -2098 -526394 -528451 -1057099 -1581395 -2175323 -3754620 -4348549 -5925781 -6517670 -8094902 -9211079 -14608368 -1 -1 
-1 -1 -8094894 -526394 -526394 -530507 -1057099 -1581395 -2177371 -2703980 -4348549 -5925781 -7044022 -8096967 -9211079 -14608368 -1 -1 
-1 -1 -8094894 -526394 -528442 -528442 -1581395 -2175323 -2177371 -2703980 -4348549 -5925781 -7044022 -8094902 -8688847 -15198192 -1 -1 
-1 -1 -9213102 -526394 -528442 -1057099 -1057099 -2175323 -2177371 -3754620 -4348549 -5925781 -6517670 -8096967 -8688847 -15198192 -1 -1 
-1 -1 -8094894 -526394 -528451 -528451 -1581395 -2175323 -2177371 -4348549 -4348549 -6517670 -7044022 -9211079 -9211079 -14608368 -1 -1 
-1 -1 -8094894 -526394 -528451 -1057099 -1581395 -2175323 -2177371 -3754620 -4348549 -6517670 -7044022 -8094902 -8688847 -15198192 -1 -1 
-1 -1 -9213102 -528442 -528451 -1057099 -1581395 -2175323 -2703980 -4348549 -5399437 -5925781 -7044022 -8096967 -8688847 -14608368 -1 -1 
-1 -1 -9213102 -528442 -528451 -1581395 -2175323 -2175323 -3754620 -3754620 -5399437 -6517670 -7044022 -9211079 -8688847 -15198192 -1 -1 
-1 -1 -9213102 -528442 -1057099 -1057099 -1581395 -2175323 -2703980 -3754620 -5399437 -6517670 -7044022 -8094902 -8688847 -15198192 -1 -1 
-1 -1 -9213102 -528451 -530507 -1581395 -2175323 -2177371 -3754620 -4348549 -5925781 -6517670 -8094894 -8094902 -8688847 -15198192 -1 -1 
-1 -1 -9213102 -528451 -1581395 -2175323 -2177371 -3754620 -3754620 -4348549 -5925781 -7044022 -7044022 -8096967 -8688847 -15198192 -1 -1 
-1 -1 -9213102 -1057099 -1581395 -2175323 -2177371 -2703980 -3754620 -4348549 -5925781 -7044022 -7044022 -8094902 -8688847 -15198192 -1 -1 
-1 -1 -9213102 -1057099 -1581395 -2175323 -3754620 -2703980 -3754620 -4348549 -5925781 -8094894 -6515638 -9211079 -8688847 -15198192 -1 -1 
-1 -1 -9213102 -1581395 -2175323 -2177371 -2703980 -3754620 -4348549 -5925781 -6517670 -7044022 -8094902 -8688847 -8688847 -15198192 -1 -1 
-1 -1 -9213102 -1581395 -2177371 -2177371 -3754620 -3754620 -4348549 -5925781 -6517670 -7044022 -9211079 -8688847 -10263751 -14608368 -1 -1 
-1 -1 -9213102 -10857935 -10857935 -10857935 -10857935 -10857935 -11908551 -12434911 -13553367 -13555432 -14079711 -14081776 -14081776 -14608368 -1 -1 
